92
134
0 1
0 8
0 12
0 29
1 2
1 8
1 14
1 24
1 29
1 41
2 8
2 14
2 24
2 41
3 4
3 5
3 6
3 8
3 12
3 34
3 53
4 5
4 8
4 14
4 21
4 22
4 29
4 31
4 33
4 41
5 6
5 8
5 14
5 21
5 24
5 27
5 31
5 32
5 33
5 41
5 43
5 44
6 8
6 29
7 50
7 77
8 9
8 11
8 12
8 14
8 16
8 19
8 21
8 24
8 25
8 27
8 28
8 29
8 31
8 32
8 33
8 34
8 35
8 37
8 41
8 43
8 44
8 45
8 46
8 48
8 52
8 53
8 54
8 63
8 64
8 66
8 67
8 75
9 11
9 54
10 61
12 14
12 19
12 20
12 24
12 29
12 41
12 42
13 41
14 19
14 21
14 22
14 24
14 29
14 31
14 32
14 41
14 43
14 66
15 41
17 32
19 24
19 29
19 31
19 41
21 24
21 29
21 41
22 23
22 24
22 29
22 31
22 33
22 41
22 43
24 27
24 29
24 31
24 41
24 43
24 46
27 41
27 43
29 31
29 41
29 44
31 41
33 34
34 41
41 43
41 66
43 46
50 77
63 64
